,O,Mg,Ca,Al,Si,Na,K,Fe,Ti,Cr
1000.0,0.7340141884015595,8.552623753597422e-11,8.588784104847005e-18,6.144338888918372e-20,3.5695714601691343e-10,0.2544719238701169,0.011511581491246484,2.3057574735647705e-06,3.712023931817852e-11,0.0
1020.0,0.7002665542490043,1.7330717770395444e-10,2.292937673598714e-17,1.9432346535079976e-19,7.296209132432958e-10,0.2861652960781808,0.013564570107486008,3.5785937820056205e-06,6.861877615827003e-11,0.0
1040.0,0.6676866334668865,3.3666837859191573e-10,5.801873223674463e-17,5.807708824188125e-19,1.4393474549638685e-09,0.3166148870503073,0.015693084761697212,5.392822614951028e-06,1.2247813275029444e-10,0.0
1060.0,0.6367025234155826,6.294038410116958e-10,1.397856928134562e-16,1.6476365606121393e-18,2.7480451809348356e-09,0.34542202558907786,0.017867533616587068,7.913789543609545e-06,2.1175995262288316e-10,0.0
1080.0,0.60759542860484,1.1363268814660394e-09,3.2202038406412134e-16,4.455270447347411e-18,5.090707064379134e-09,0.3723308586400655,0.02006236772194557,1.1338450445832537e-05,3.556688245856079e-10,0.0
1100.0,0.5805207743432507,1.987335219638357e-09,7.119569370213257e-16,1.1525166143246271e-17,9.17143814356988e-09,0.39720682267249185,0.02225649336243192,1.5897881245754897e-05,5.818058372883712e-10,0.0
1120.0,0.5555338331720638,3.37624057354037e-09,1.5157492902751704e-15,2.861696114316741e-17,1.6103459601573635e-08,0.42001112028837806,0.024433166511918347,2.1859618907369763e-05,9.29030758321176e-10,0.0
1140.0,0.5326151404156038,5.585437855301829e-09,3.116759903932538e-15,6.840669397172245e-17,2.7608681968550084e-08,0.44077571919756625,0.026579575952877417,2.9529788793439987e-05,1.4510362885720762e-09,0.0
1160.0,0.5116930063676995,9.017589813372414e-09,6.206431626515767e-15,1.5784681483353193e-16,4.629816041136199e-08,0.45958140185697116,0.028686279268425055,3.925497040654659e-05,2.2207410986398403e-09,0.0
1180.0,0.4926619878194735,1.4235582292775464e-08,1.1997208069415295e-14,3.524364923003636e-16,7.60579238601712e-08,0.47653988999610475,0.030746604799821473,5.1423755473280185e-05,3.3356085954146345e-09,0.0
1200.0,0.4753971856164297,2.201205707103043e-08,2.2560352371813618e-14,7.630893214001645e-16,1.2257241694379362e-07,0.4917801094022324,0.03275608751516499,6.646795768047142e-05,4.923995217204528e-09,0.0
1220.0,0.4597647799702423,3.338984805371847e-08,4.134956459363452e-14,1.6053484100112932e-15,1.9402360061515852e-07,0.5054381490441948,0.034711972978877945,8.486344056804142e-05,7.15262524607533e-09,0.0
1240.0,0.4456294416862695,4.9754628004494004e-08,7.399510655158299e-14,3.287244489360744e-15,3.020116505863433e-07,0.5176502644910314,0.03661280128309612,0.00010713053796872428,1.0235278511130345e-08,0.0
1260.0,0.43285929242655036,7.292101361073723e-08,1.294838899986904e-13,6.562389274093731e-15,4.627515246129869e-07,0.5285482537658618,0.0384580696429247,0.00013383404922594848,1.4442762925603498e-08,0.0
1280.0,0.42132902374908526,1.0523327451351404e-07,2.2187989650930895e-13,1.279073209969626e-14,6.986087560581504e-07,0.5382566038524018,0.04024796564320978,0.00016558279881223262,2.011422568121943e-08,0.0
1300.0,0.41092168228583453,1.4968164630800878e-07,3.7278759428084073e-13,2.4373249381706934e-14,1.040047540498692e-06,0.5468909110560718,0.0419831605019523,0.0002030287567219686,2.7669835376259545e-08,0.0
1320.0,0.401529520464304,2.100350592053163e-07,6.14819842962915e-13,4.5462014131898105e-14,1.5280743920315946e-06,0.5545571866309904,0.04366465144769189,0.0002468657220595207,3.76248427618321e-08,0.0
1340.0,0.39305421487216874,2.909908651712205e-07,9.96402126437669e-13,8.309801325261007e-14,2.217271203659212e-06,0.5613517554437253,0.04529364323837498,0.00029782757758201083,5.0605000640119e-08,0.0
1360.0,0.3854066737405318,3.983418803380175e-07,1.588327584903238e-12,1.490014613826447e-13,3.1795222694249416e-06,0.5673615346336646,0.04687146026901619,0.0003566861276061119,6.736329430504579e-08,0.0
1380.0,0.37850659168081907,5.391607608726171e-07,2.4925726706750515e-12,2.6234048223578335e-13,4.50855050466135e-06,0.5726645410443368,0.0483994822272481,0.0004242485356721725,8.879790339935318e-08,0.0
1400.0,0.3722818618624876,7.220014047698492e-07,3.853991359710831e-12,4.539429943075418e-13,6.325388498826407e-06,0.5773305227326968,0.04987909765763006,0.0005013543816893714,1.1597128481546707e-07,0.0
1420.0,0.3666679205206193,9.571167254149391e-07,5.875626259738204e-12,7.72604627447973e-13,8.784919893789784e-06,0.5814216439406475,0.051311671004266673,0.0005888723609641185,1.5013023492813647e-07,0.0
1440.0,0.3616070732747285,1.2566917818285885e-06,8.838506656088645e-12,1.294396003542901e-12,1.2083635619373691e-05,0.5849931773139853,0.052698519697468284,0.0006876966495252366,1.9272675861558267e-07,0.0
1460.0,0.3570478348031873,1.6350908819847638e-06,1.3126944903627172e-11,2.1362017451189788e-12,1.6468757439630814e-05,0.5880941742855046,0.054040898646702834,0.0007987429614777775,2.454395427398521e-07,0.0
1480.0,0.3529443009845482,2.109116905950204e-06,1.9260491326441522e-11,3.4751497931715203e-12,2.2248887753598133e-05,0.5907680963413374,0.055339990126213455,0.0009229443247021423,3.1019580346348847e-07,0.0
1500.0,0.34924496216467105,2.6983146262282656e-06,2.7935411838455372e-11,5.575964922447442e-12,2.9802882841049496e-05,0.5930608477331797,0.05660003975746143,0.0010612599322879198,3.8918142118906163e-07,0.0
1520.0,0.345903705439464,3.4252445148999278e-06,4.00749994095954e-11,8.829263582745638e-12,3.959327430185886e-05,0.5950129332156034,0.05782519518846301,0.0012146627250751454,4.8486367348646e-07,0.0
1540.0,0.3428893569323274,4.315728213897787e-06,5.688918614976438e-11,1.3804716996183482e-11,5.2185560415750985e-05,0.5966530658955715,0.05901635656239383,0.0013841192250703955,6.000253133946243e-07,0.0
1560.0,0.3401741491685888,5.3991582421256275e-06,7.99498294553365e-11,2.132334783215824e-11,6.826343892418712e-05,0.598006531277963,0.06017432377504135,0.0015705953038526906,7.377761146896947e-07,0.0
1580.0,0.3377333417615557,6.7087844557863465e-06,1.1128044162040097e-10,3.255526078572877e-11,8.864804710811885e-05,0.5990955496961448,0.06129979901747749,0.0017750509786629927,9.015707595012046e-07,0.0
1600.0,0.335544884167373,8.281995694357306e-06,1.5346326887127164e-10,4.915024399349741e-11,0.00011431931427994369,0.599939594845478,0.062393389195936226,0.0019984350535564195,1.0952250686947307e-06,0.0
1620.0,0.33358911710580397,1.0160592651825738e-05,2.0976597176226218e-10,7.341052923417525e-11,0.00014643949631576146,0.6005556719815821,0.06345560799566292,0.002241679614599367,1.322930207565321e-06,0.0
1640.0,0.3318485092299229,1.2391047743620766e-05,2.842902371256632e-10,1.0851708915177413e-10,0.00018637893796556528,0.6009585593304391,0.06448687741420635,0.0025056943824256985,1.58926448919554e-06,0.0
1660.0,0.3303074257462365,1.5024747471640446e-05,3.821446900491483e-10,1.5882326949803446e-10,0.00023574407994655662,0.6011610161291138,0.06548752863475077,0.0027913609191245956,1.8992023881058388e-06,0.0
1680.0,0.3289519258785509,1.811821251426989e-05,5.096444635457295e-10,2.302323219571825e-10,0.0002964076937378064,0.6011739605290076,0.06645780214641205,0.0030995266795335436,2.2581203669324575e-06,0.0
1700.0,0.32776958629568664,2.1733290475551588e-05,6.745397137135587e-10,3.306785291249952e-10,0.0003705412869602287,0.6010066203845105,0.06739784704831892,0.003430998889721848,2.6717991082041592e-06,0.0
1720.0,0.326749347859067,2.593731590702078e-05,8.862752283374772e-10,4.707350977553434e-10,0.00046064957555500935,0.6006666597426467,0.06830771950011107,0.0037865382279715443,3.146421731324312e-06,0.0
1740.0,0.3258813832767617,3.0803231856582866e-05,1.156283055093652e-09,6.643758256588683e-10,0.0005696068648781989,0.6001602836569855,0.06918738030515276,0.004166852276145197,3.68856756121093e-06,0.0
1760.0,0.3251569834651391,3.640966679128621e-05,1.4983097586648148e-09,9.299216900422861e-10,0.0007006951194223873,0.5994923237819999,0.0700366916351405,0.004572588702275938,4.305200999518252e-06,0.0
1780.0,0.3245684606135692,4.2840960276831485e-05,1.9287794898130307e-09,1.2912079067154181e-09,0.0008576434291807862,0.5986663070657204,0.07085541292736311,0.00500432812887023,5.003655032050378e-06,0.0
1800.0,0.32410906611863904,5.01871302712046e-05,2.467193498197622e-09,1.7790115891658693e-09,0.0010446684986564737,0.5976845097524012,0.07164319600875281,0.005462576636186921,5.7916088873512115e-06,0.0
1820.0,0.3239346225482345,5.8573012627262364e-05,3.1381325125730032e-09,2.4339997773070307e-09,0.0012671482229102535,0.5968459308428022,0.07193631109195511,0.005950728315294152,6.680394044229403e-06,0.0
1840.0,0.3237213337552301,6.804686779897549e-05,3.9659339113963975e-09,3.304440443343227e-09,0.0015292860082023038,0.595562743389398,0.07264738411979453,0.0064635263610242615,7.672228177362991e-06,0.0
1860.0,0.3236219127079839,7.873926035900418e-05,4.983303833399667e-09,4.454711331622207e-09,0.001837517714165394,0.5941232119519968,0.07332597946658069,0.0070038510176788525,8.778443220067621e-06,0.0
1880.0,0.32363277787542377,9.076124535668058e-05,6.226781791615359e-09,5.964560571712196e-09,0.002198422462615984,0.592524899542582,0.07397129231053866,0.007571826618573847,1.000775356671884e-05,0.0
1900.0,0.3237510449289826,0.00010422822812711551,7.73849746779218e-09,7.933458750698976e-09,0.0026192650628130867,0.5907642428930939,0.07458237629139357,0.008167457921195559,1.1369002437947487e-05,0.0
1920.0,0.32397450182755305,0.00011925939458425647,9.566751691472761e-09,1.0484677180764442e-08,0.0031080286770025084,0.5888365626600615,0.0751581369879171,0.00879061930814942,1.2871093303181434e-05,0.0
1940.0,0.3243015887500615,0.00013597701476423312,1.1766608703994433e-08,1.3770016078199415e-08,0.0036734425366141826,0.5867360741263122,0.07569732579796885,0.00944104332590335,1.4522911750850568e-05,0.0
1960.0,0.3247313815907965,0.00015450560766077292,1.4400489367333406e-08,1.7975242262784727e-08,0.0043250032222627455,0.5844559008552718,0.07619853453463694,0.010118308576274179,1.6333237365488936e-05,0.0
1980.0,0.32526357772083525,0.00017497095538027745,1.753875259904511e-08,2.3326291006198756e-08,0.00507298783416596,0.5819880938770886,0.07666019109478597,0.010821827007438086,1.8310645262199706e-05,0.0
2000.0,0.3258984826948385,0.0001974989550447822,2.1260249726152875e-08,3.009627829011385e-08,0.005928457193999162,0.5793236591122236,0.07708055659978143,0.011550830690524413,2.0463397060189737e-05,0.0
2020.0,0.32663757093348805,0.00022221361112451804,2.5652769838161843e-08,3.900252976995148e-08,0.006903227051754499,0.576452126500344,0.0774576613903439,0.012304336499961191,2.2799357684173976e-05,0.0
2040.0,0.3274811299771786,0.000249238256650541,3.08137317985383e-08,4.976657999427046e-08,0.008009923581089219,0.573363518927195,0.07778956340338525,0.01308121955357399,2.5325720615455856e-05,0.0
2060.0,0.3284318228221801,0.0002786898066284713,3.6850173173394065e-08,6.316124667205587e-08,0.009261828154250138,0.5700454827311021,0.07807395944501493,0.013880067945663214,2.8049083741363414e-05,0.0
2080.0,0.3294922310317972,0.000310679550633679,4.3879223317648685e-08,7.97409904949585e-08,0.010672894503338713,0.5664853787690015,0.0783084600425689,0.014699257324656741,3.097515778956848e-05,0.0
2100.0,0.33066544387283753,0.0003453104196753676,5.2028137118169734e-08,1.0015605582788063e-07,0.012257650492541551,0.562669884639453,0.0784905334169867,0.015536916329418128,3.410864489481138e-05,0.0
2120.0,0.3319550217191509,0.0003826747311466687,6.143420968415981e-08,1.2516435782858218e-07,0.01403109477966323,0.5585851320372367,0.07861752180447261,0.016390915253753132,3.7453076009195034e-05,0.0
2140.0,0.33336495081109735,0.00042285176648063414,7.224448225189358e-08,1.5564385345800542e-07,0.016008567775368715,0.5542168717805958,0.07868666281752985,0.017258856515775318,4.101064481655712e-05,0.0
2160.0,0.33489958824165644,0.000465905205071908,8.46152067778137e-08,1.926051836350527e-07,0.018205595138829567,0.5495506682970371,0.07869511629539865,0.018138067560407777,4.4782041208248943e-05,0.0
2180.0,0.33656359624853693,0.0005118804480173462,9.871103776181781e-08,2.372043166876945e-07,0.020637702550125068,0.5445721246589873,0.07863999700234557,0.01902559688856747,4.876628806575762e-05,0.0
2200.0,0.33836186517773187,0.0005608018763532109,1.1470392254251288e-07,2.907548641823971e-07,0.023320201181375896,0.5392671383609025,0.07851841340289611,0.019918213956155055,5.296058579878161e-05,0.0
2220.0,0.3402994215513724,0.0006126798029922037,1.3277166465426889e-07,3.547396785728288e-07,0.026267943907705114,0.5336221817345138,0.07832751181218134,0.02081241351067908,5.736016921283222e-05,0.0
2240.0,0.3423813413621456,0.0006674686157489756,1.530961505518399e-07,4.3082131195138924e-07,0.02949505513260381,0.5276246360834497,0.07806453035986341,0.021704426342954698,6.195818577133583e-05,0.0
2260.0,0.3446126193556457,0.000725123281073019,1.7586121304780182e-07,5.208508016615346e-07,0.033014633132580046,0.5212630969497886,0.07772685081834224,0.02259023415728716,6.67455932687077e-05,0.0
2280.0,0.3469980624442872,0.0007855576361059216,2.0125015928894356e-07,6.268743292602677e-07,0.036838433814592376,0.5145277506522591,0.07731206303017962,0.023465593203778348,7.171109430898855e-05,0.0
2300.0,0.3495421592488041,0.0008486522127933341,2.2944296311522612e-07,7.511371792114445e-07,0.040976537854726276,0.5074107354957177,0.0768180293197986,0.024326064181851476,7.684110616620304e-05,0.0
2320.0,0.35224894856661615,0.0009142526915590225,2.606131623410673e-07,8.960845000734819e-07,0.04543700972741715,0.49990651047581225,0.07624295216574586,0.02516704989964158,8.211977554566177e-05,0.0
2340.0,0.35512188698565833,0.0009821689004742217,2.9492451093636326e-07,1.0643583927758544e-06,0.05022555701119834,0.49201221556371927,0.07558544266996868,0.025983840542628204,8.752904344927821e-05,0.0
2360.0,0.3581637198764653,0.0010521744629298422,3.32527455359208e-07,1.258790928705771e-06,0.0553451999343878,0.483728011524958,0.07484458782039613,0.02677166629765513,9.30487648237243e-05,0.0
2380.0,0.3613763605956744,0.0011240071865661649,3.735555220401308e-07,1.4823928102181772e-06,0.06079596218976415,0.4750573861789134,0.0740200142813618,0.0275257567331962,9.865688619165483e-05,0.0
2400.0,0.36476078318359195,0.0011973702692335392,4.181217191002861e-07,1.738337529907156e-06,0.06657459470245801,0.46600741347855235,0.0731119462605883,0.028241405963762387,0.00010432968256442665,0.0
2420.0,0.3683169340863132,0.0012719343739258063,4.6631506840233897e-07,2.0299410586997414e-06,0.07267434415827888,0.4565889519095716,0.07212125491760449,0.028914042245520077,0.000110042052658661,0.0
2440.0,0.3720436684274448,0.001347340594377689,5.181973925577884e-07,2.360637289350537e-06,0.07908477758913303,0.44681676957935396,0.071049496819908,0.029539300286223633,0.00011576786887700733,0.0
2460.0,0.3759387160622194,0.001423204297394055,5.738004842377532e-07,2.7339496706492844e-06,0.08579167310047069,0.43670958504475843,0.06989893913626442,0.0301130942329436,0.00012148037579456598,0.0
2480.0,0.3799986820535171,0.0014991197886441764,6.331237810026434e-07,3.1534596750173992e-06,0.09277698489284358,0.426290015410253,0.06867256958884564,0.030631689054260884,0.00012715262817945025,0.0
2500.0,0.3842190853195388,0.0015746657078493673,6.96132657251913e-07,3.6227729324048817e-06,0.10001888811292342,0.41558442644798343,0.0673740896631487,0.031091767885912336,0.00013275795705443497,0.0
2520.0,0.3885944380570218,0.001649411019653221,7.627574256983654e-07,4.145484019723795e-06,0.10749190586854607,0.4046226833017138,0.06600789017962846,0.03149049288182017,0.0001382704501709796,0.0
2540.0,0.39311836720051146,0.0017229214308615462,8.328931145283205e-07,4.725141001189557e-06,0.11516711711815752,0.3934378045309998,0.06457900903411276,0.03182555721954256,0.0001436654316984735,0.0
2560.0,0.3977837777303306,0.0017947660359378887,9.064000542735208e-07,5.365210856648001e-06,0.12301244030801767,0.38206552656340004,0.0630930716726351,0.03209522615368659,0.00014891992508117707,0.0
2580.0,0.40258305619132456,0.0018645239730828865,9.831052721386303e-07,6.069046901572177e-06,0.1309929838271199,0.3705437897565197,0.061556215632134696,0.03229836538466272,0.0001540130829818483,0.0
2600.0,0.4075083114505929,0.001931790864674819,1.0628046532586898e-06,6.839859187903844e-06,0.13907145083633957,0.3589121609262518,0.05997500119606503,0.03243445549318702,0.0001589265690477667,0.0
2620.0,0.4125516486180686,0.00199618481921866,1.1452657905081531e-06,7.680688678547728e-06,0.14720858304717274,0.3472112100980202,0.05835631083219074,0.032503591752998676,0.0001636448778611009,0.0
2640.0,0.41770547128107405,0.002057351787150841,1.2302314094168124e-06,8.594385714475497e-06,0.1553636257796277,0.33548186116367823,0.056707240552423,0.03250646923716638,0.0001681555817558209,0.0
2660.0,0.4229628068417755,0.0021149700887533665,1.3174232245719567e-06,9.583592950693108e-06,0.16349479525846128,0.32376473693646773,0.05503498662744773,0.03244435373490198,0.00017244949601719696,0.0
2680.0,0.42831764984415055,0.002168753967005472,1.406546060181599e-06,1.0650732537120316e-05,0.1715597286759895,0.3120995187405928,0.05334673118274951,0.032319039553818284,0.00017652075709668919,0.0
2700.0,0.43376531874807306,0.002218456058691058,1.4972920511417979e-06,1.1797996874610124e-05,0.1795158980402328,0.30052433919846017,0.05164953009493745,0.03213279575906342,0.000180366811616449,0.0
2720.0,0.4393028226324627,0.002263868720284764,1.5893447320870992e-06,1.3027341795083993e-05,0.18732097014230348,0.28907522442417233,0.04995020631186288,0.031888302765546724,0.00018398831684005682,0.0
2740.0,0.44492923573453025,0.0023048241877808386,1.6823828198103027e-06,1.4340480504011546e-05,0.19493309695657488,0.2777855986045122,0.048255251264772744,0.03158858143280042,0.00018738895570493853,0.0
2760.0,0.4506460794817512,0.002341193588588993,1.776083497653845e-06,1.573887608270699e-05,0.20231112322490444,0.2666858602038494,0.046570736464644776,0.03123691690544303,0.00019057517123775993,0.0
2780.0,0.45645771364712423,0.002372884856308351,1.8701250169604534e-06,1.722372976857758e-05,0.20941470064998452,0.25580303504342433,0.04490223672307551,0.03083677939925102,0.0001935558260466021,0.0
2800.0,0.4623717403485273,0.0023998396236534175,1.964188437933522e-06,1.8795961595462164e-05,0.21620430081539302,0.24516050754610105,0.043254765757097184,0.030391743966698744,0.00019634179249586225,0.0
2820.0,0.4683994266951689,0.002422029183890624,2.0579583375961193e-06,2.045617925556823e-05,0.22264112147873177,0.2347778277466466,0.04163272427171755,0.029905411008185712,0.00019894547806573475,0.0
2840.0,0.47455615382111743,0.0024394496165325245,2.15112231322994e-06,2.220463020170764e-05,0.2286868831259332,0.22467058844035603,0.0400398600021924,0.029381328953086715,0.00020138028826670242,0.0
2860.0,0.48086190167555914,0.0024521161691982395,2.243369103181464e-06,2.4041130997520373e-05,0.23430351458244453,0.2148503642262823,0.03847923867155379,0.02882292014851603,0.00020366002634533527,0.0
2880.0,0.487341780049184,0.002460056975723046,2.3343851311146734e-06,2.5964966692840814e-05,0.23945272810788504,0.2053247022942258,0.03695322440138528,0.0282334105948395,0.0002057982249335733,0.0
2900.0,0.494026616613024,0.0024633061727588465,2.42384925320974e-06,2.797475149978966e-05,0.24409548593547367,0.19609715366774688,0.03546346782298633,0.027615763787416182,0.00020780739984119302,0.0
2920.0,0.5009536117983158,0.002461896456006873,2.5114254500391215e-06,3.0068240230703644e-05,0.2481913619951282,0.18716733329191562,0.034010899986169754,0.026972618596290913,0.0002096982104921213,0.0
2940.0,0.508167067505819,0.002455851096615834,2.596753157210721e-06,3.224207781652094e-05,0.25169780512240375,0.17853099789421928,0.03259573016990195,0.026306230874806345,0.00021147850525994832,0.0
2960.0,0.515719190934721,0.002445175423250692,2.6794348753285883e-06,3.449147179408678e-05,0.25456931421460693,0.17018013203671217,0.031217445885067672,0.025618418375461235,0.00021315222351080463,0.0
2980.0,0.5236709648330405,0.0024298477730281447,2.7590206488233932e-06,3.6809770077558584e-05,0.2567565427216686,0.16210303537954807,0.029874813762133263,0.024910508619730373,0.0002147181201247251,0.0
3000.0,0.5320930591322501,0.0024098099350427036,2.8349889702219844e-06,3.918792393972349e-05,0.258205361196034,0.15428440816655103,0.028565880693809137,0.024183289689690215,0.0002161682737129593,0.0
